-------------------RESULTS----------------
BEST_TRAIN_LOSS: 3.215743657846699
BEST_EVAL_LOSS: 2.521978674093223
TEST_LOSS: 2.615643071930438
TRAIN_ACCURACY: 29.52588146352537
EVAL_ACCURACY: 44.44014301465819
TEST_ACCURACY: 42.98148538504778
TRAIN_PERPLEXITY: 25.90671157836914
EVAL_PERPLEXITY: 12.45321273803711
TEST_PERPLEXITY: 13.676007270812988
BEST_MODEL_EPOCH: 56
