-------------------RESULTS----------------
BEST_TRAIN_LOSS: 4.4444428061252435
BEST_EVAL_LOSS: 3.871925975069588
TEST_LOSS: 3.948708322313097
TRAIN_ACCURACY: 28.499507347216817
EVAL_ACCURACY: 36.90972898014792
TEST_ACCURACY: 35.95240122615804
TRAIN_PERPLEXITY: 85.97837829589844
EVAL_PERPLEXITY: 48.03481674194336
TEST_PERPLEXITY: 51.868324279785156
BEST_MODEL_EPOCH: 142
