-------------------RESULTS----------------
BEST_TRAIN_LOSS: 1.1204438606458427
BEST_EVAL_LOSS: 2.430259943008423
TEST_LOSS: 2.5820163786411285
TRAIN_ACCURACY: 99.82571653603812
EVAL_ACCURACY: 94.07098765432099
TEST_ACCURACY: 94.66145833333333
TRAIN_PERPLEXITY: 3.0662147998809814
EVAL_PERPLEXITY: 27.161142349243164
TEST_PERPLEXITY: 13.223776817321777
BEST_MODEL_EPOCH: 282
