-------------------RESULTS----------------
BEST_TRAIN_LOSS: 0.04590293093878504
BEST_EVAL_LOSS: 0.017697153107067685
TEST_LOSS: 0.009882898633310825
TRAIN_ACCURACY: 97.12166851158038
EVAL_ACCURACY: 98.85960003892565
TEST_ACCURACY: 99.217330835604
TRAIN_PERPLEXITY: 1.0527541637420654
EVAL_PERPLEXITY: 1.0178546905517578
TEST_PERPLEXITY: 1.0099319219589233
BEST_MODEL_EPOCH: 107
