-------------------RESULTS----------------
BEST_TRAIN_LOSS: 6.273786383481761
BEST_EVAL_LOSS: 8.577187776565552
TEST_LOSS: 9.937542597452799
TRAIN_ACCURACY: 19.402712952158694
EVAL_ACCURACY: 11.35611370716511
TEST_ACCURACY: 11.09326323987539
BEST_MODEL_EPOCH: 1000
