-------------------RESULTS----------------
BEST_TRAIN_LOSS: 0.011567447054262155
BEST_EVAL_LOSS: 0.0006223661606512636
TEST_LOSS: 0.0007651736471607253
TRAIN_ACCURACY: 99.60899497762428
EVAL_ACCURACY: 99.98905429071804
TEST_ACCURACY: 99.98358143607706
TRAIN_PERPLEXITY: 1.0145982503890991
EVAL_PERPLEXITY: 1.0006225109100342
TEST_PERPLEXITY: 1.0007654428482056
BEST_MODEL_EPOCH: 152
