-------------------RESULTS----------------
BEST_TRAIN_LOSS: 0.12136764448154624
BEST_EVAL_LOSS: 0.4370327095190684
TEST_LOSS: 0.2854785459736983
TRAIN_ACCURACY: 76.60131433942693
EVAL_ACCURACY: 52.76966510903427
TEST_ACCURACY: 69.47202751817238
TRAIN_PERPLEXITY: 1.3068946599960327
EVAL_PERPLEXITY: 1.5481066703796387
TEST_PERPLEXITY: 1.3303985595703125
BEST_MODEL_EPOCH: 25
