-------------------RESULTS----------------
BEST_TRAIN_LOSS: 0.030231204450211574
BEST_EVAL_LOSS: 0.019369500309780793
TEST_LOSS: 0.006944747822773125
TRAIN_ACCURACY: 98.11937909530297
EVAL_ACCURACY: 98.62959403788763
TEST_ACCURACY: 99.19928717399766
TRAIN_PERPLEXITY: 1.0327235460281372
EVAL_PERPLEXITY: 1.019558310508728
TEST_PERPLEXITY: 1.0069689750671387
BEST_MODEL_EPOCH: 72
