-------------------RESULTS----------------
BEST_TRAIN_LOSS: 0.0035706357557897224
BEST_EVAL_LOSS: 0.004415950143959856
TEST_LOSS: 0.0020495826162162155
TRAIN_ACCURACY: 99.7837801673803
EVAL_ACCURACY: 99.72093145841443
TEST_ACCURACY: 99.83040985467757
TRAIN_PERPLEXITY: 1.0037180185317993
EVAL_PERPLEXITY: 1.0044257640838623
TEST_PERPLEXITY: 1.0020517110824585
BEST_MODEL_EPOCH: 120
