-------------------RESULTS----------------
BEST_TRAIN_LOSS: 0.19049527238982913
BEST_EVAL_LOSS: 0.18645350078576828
TEST_LOSS: 0.1576956705310038
TRAIN_ACCURACY: 86.52758940059903
EVAL_ACCURACY: 86.66074447111572
TEST_ACCURACY: 87.51145468405346
TRAIN_PERPLEXITY: 1.2098486423492432
EVAL_PERPLEXITY: 1.2049685716629028
TEST_PERPLEXITY: 1.1708098649978638
BEST_MODEL_EPOCH: 3
