-------------------RESULTS----------------
BEST_TRAIN_LOSS: 0.007691613909318894
BEST_EVAL_LOSS: 0.005971010625594265
TEST_LOSS: 0.001895560276273374
TRAIN_ACCURACY: 98.89201929186251
EVAL_ACCURACY: 99.23601202058201
TEST_ACCURACY: 99.65819022258735
TRAIN_PERPLEXITY: 1.0100188255310059
EVAL_PERPLEXITY: 1.0059888362884521
TEST_PERPLEXITY: 1.0018973350524902
BEST_MODEL_EPOCH: 23
