-------------------RESULTS----------------
BEST_TRAIN_LOSS: 5.653699310264777
BEST_EVAL_LOSS: 7.852404356002808
TEST_LOSS: 9.205625375111898
TRAIN_ACCURACY: 22.80338389731622
EVAL_ACCURACY: 11.823403426791277
TEST_ACCURACY: 12.120327102803738
BEST_MODEL_EPOCH: 998
