-------------------RESULTS----------------
BEST_TRAIN_LOSS: 0.6510514581722837
BEST_EVAL_LOSS: 0.4131237479908338
TEST_LOSS: 0.4151257130614949
TRAIN_ACCURACY: 81.67538283230371
EVAL_ACCURACY: 88.9359568902149
TEST_ACCURACY: 88.8518425433476
TRAIN_PERPLEXITY: 1.9204803705215454
EVAL_PERPLEXITY: 1.5115320682525635
TEST_PERPLEXITY: 1.5145611763000488
BEST_MODEL_EPOCH: 672
