-------------------RESULTS----------------
BEST_TRAIN_LOSS: 3.1607147496731125
BEST_EVAL_LOSS: 5.1530115604400635
TEST_LOSS: 6.437039852142334
TRAIN_ACCURACY: 51.52044437961882
EVAL_ACCURACY: 34.96884735202492
TEST_ACCURACY: 34.26304517133956
TRAIN_PERPLEXITY: 23.587451934814453
EVAL_PERPLEXITY: 445.7831115722656
TEST_PERPLEXITY: 624.5552978515625
BEST_MODEL_EPOCH: 996
