-------------------RESULTS----------------
BEST_TRAIN_LOSS: 2.453759130385949
BEST_EVAL_LOSS: 2.3478399824213096
TEST_LOSS: 2.358771942279957
TRAIN_ACCURACY: 51.63628387748151
EVAL_ACCURACY: 52.719625827170105
TEST_ACCURACY: 52.670968762164264
TRAIN_PERPLEXITY: 11.673765182495117
EVAL_PERPLEXITY: 10.462945938110352
TEST_PERPLEXITY: 10.577954292297363
BEST_MODEL_EPOCH: 144
