-------------------RESULTS----------------
BEST_TRAIN_LOSS: 3.1427162725534012
BEST_EVAL_LOSS: 5.319753964742024
TEST_LOSS: 6.4079749584198
TRAIN_ACCURACY: 52.112018669778294
EVAL_ACCURACY: 35.650311526479754
TEST_ACCURACY: 34.17056074766355
BEST_MODEL_EPOCH: 994
