-------------------RESULTS----------------
BEST_TRAIN_LOSS: 4.577387783657852
BEST_EVAL_LOSS: 4.5170111656188965
TEST_LOSS: 4.89139970143636
TRAIN_ACCURACY: 26.711517891870866
EVAL_ACCURACY: 26.080607476635514
TEST_ACCURACY: 24.85397196261682
TRAIN_PERPLEXITY: 97.26000213623047
EVAL_PERPLEXITY: 143.0369873046875
TEST_PERPLEXITY: 133.1398162841797
BEST_MODEL_EPOCH: 914
