-------------------RESULTS----------------
BEST_TRAIN_LOSS: 3.2940748247934217
BEST_EVAL_LOSS: 3.0081673661867776
TEST_LOSS: 3.296422084172567
TRAIN_ACCURACY: 28.18690846622585
EVAL_ACCURACY: 29.304582035306336
TEST_ACCURACY: 28.563084112149532
TRAIN_PERPLEXITY: 27.672855377197266
EVAL_PERPLEXITY: 20.25025177001953
TEST_PERPLEXITY: 27.015804290771484
BEST_MODEL_EPOCH: 136
