-------------------RESULTS----------------
BEST_TRAIN_LOSS: 1.6667901597612047e-05
BEST_EVAL_LOSS: 5.71111202200531e-06
TEST_LOSS: 2.0317380383656324e-06
TRAIN_ACCURACY: 99.99988173630034
EVAL_ACCURACY: 99.99996621037153
TEST_ACCURACY: 99.99998873679051
TRAIN_PERPLEXITY: 1.0000169277191162
EVAL_PERPLEXITY: 1.0000057220458984
TEST_PERPLEXITY: 1.0000020265579224
BEST_MODEL_EPOCH: 16
