-------------------RESULTS----------------
BEST_TRAIN_LOSS: 1.13671912477695
BEST_EVAL_LOSS: 1.0458149306568099
TEST_LOSS: 1.0738950710237762
TRAIN_ACCURACY: 72.46880625973141
EVAL_ACCURACY: 74.09558680420398
TEST_ACCURACY: 73.5591426625146
TRAIN_PERPLEXITY: 3.1627697944641113
EVAL_PERPLEXITY: 2.8457164764404297
TEST_PERPLEXITY: 2.926757335662842
BEST_MODEL_EPOCH: 123
