-------------------RESULTS----------------
BEST_TRAIN_LOSS: 3.1035747872063175
BEST_EVAL_LOSS: 3.0650373697280884
TEST_LOSS: 3.7348764737447104
TRAIN_ACCURACY: 19.21358420847919
EVAL_ACCURACY: 19.54828660436137
TEST_ACCURACY: 19.52394859813084
TRAIN_PERPLEXITY: 22.27744483947754
EVAL_PERPLEXITY: 23.55678939819336
TEST_PERPLEXITY: 41.88284683227539
BEST_MODEL_EPOCH: 5
