-------------------RESULTS----------------
BEST_TRAIN_LOSS: 2.7972177249282155
BEST_EVAL_LOSS: 2.7259026368459067
TEST_LOSS: 2.9532472689946494
TRAIN_ACCURACY: 13.519544924154026
EVAL_ACCURACY: 13.804517133956386
TEST_ACCURACY: 15.975467289719626
TRAIN_PERPLEXITY: 17.555816650390625
EVAL_PERPLEXITY: 15.270190238952637
TEST_PERPLEXITY: 19.16809844970703
BEST_MODEL_EPOCH: 4
