-------------------RESULTS----------------
BEST_TRAIN_LOSS: 0.02660685705533758
BEST_EVAL_LOSS: 0.020063797673095525
TEST_LOSS: 0.006603485887387284
TRAIN_ACCURACY: 98.31660493301544
EVAL_ACCURACY: 98.6769333073829
TEST_ACCURACY: 99.218040417802
TRAIN_PERPLEXITY: 1.0305885076522827
EVAL_PERPLEXITY: 1.0202664136886597
TEST_PERPLEXITY: 1.0066252946853638
BEST_MODEL_EPOCH: 86
