-------------------RESULTS----------------
BEST_TRAIN_LOSS: 659.9651099817077
BEST_EVAL_LOSS: 570.0664341666482
TEST_LOSS: 614.5042320598255
TRAIN_ACCURACY: 47.089532283158306
EVAL_ACCURACY: 32.934190031152646
TEST_ACCURACY: 31.532320872274145
BEST_MODEL_EPOCH: 554
