-------------------RESULTS----------------
BEST_TRAIN_LOSS: 0.3735667084698128
BEST_EVAL_LOSS: 0.36751459538936615
TEST_LOSS: 0.3669433891773224
TRAIN_ACCURACY: 100.0
EVAL_ACCURACY: 100.0
TEST_ACCURACY: 100.0
TRAIN_PERPLEXITY: 1.4529074430465698
EVAL_PERPLEXITY: 1.4575855731964111
TEST_PERPLEXITY: 1.4433162212371826
BEST_MODEL_EPOCH: 61
