-------------------RESULTS----------------
BEST_TRAIN_LOSS: 0.09987128240552115
BEST_EVAL_LOSS: 0.39757632712523144
TEST_LOSS: 0.40482326845328015
TRAIN_ACCURACY: 99.31690003889537
EVAL_ACCURACY: 75.35533489096574
TEST_ACCURACY: 85.74928608515057
TRAIN_PERPLEXITY: 1.1050286293029785
EVAL_PERPLEXITY: 2.3656845092773438
TEST_PERPLEXITY: 1.499037504196167
BEST_MODEL_EPOCH: 365
