-------------------RESULTS----------------
BEST_TRAIN_LOSS: 0.04298332276497714
BEST_EVAL_LOSS: 0.019422576015378223
TEST_LOSS: 0.010127861311452257
TRAIN_ACCURACY: 96.566103663877
EVAL_ACCURACY: 98.66223481899571
TEST_ACCURACY: 99.16167931750357
TRAIN_PERPLEXITY: 1.061075210571289
EVAL_PERPLEXITY: 1.019612431526184
TEST_PERPLEXITY: 1.0101792812347412
BEST_MODEL_EPOCH: 103
