-------------------RESULTS----------------
BEST_TRAIN_LOSS: 0.3734363830458801
BEST_EVAL_LOSS: 1.0718839466571808
TEST_LOSS: 1.2142847776412964
TRAIN_ACCURACY: 99.99942369755648
EVAL_ACCURACY: 89.83333333333333
TEST_ACCURACY: 89.58333333333333
TRAIN_PERPLEXITY: 1.4527181386947632
EVAL_PERPLEXITY: 3.0346591472625732
TEST_PERPLEXITY: 3.367884397506714
BEST_MODEL_EPOCH: 514
