-------------------RESULTS----------------
BEST_TRAIN_LOSS: 2.4189117733464456
BEST_EVAL_LOSS: 2.3073049327473583
TEST_LOSS: 2.31121837945632
TRAIN_ACCURACY: 51.791264232191516
EVAL_ACCURACY: 53.10310432074737
TEST_ACCURACY: 53.07147722849358
TRAIN_PERPLEXITY: 11.344690322875977
EVAL_PERPLEXITY: 10.047308921813965
TEST_PERPLEXITY: 10.086705207824707
BEST_MODEL_EPOCH: 176
