-------------------RESULTS----------------
BEST_TRAIN_LOSS: 0.012512746683436316
BEST_EVAL_LOSS: 0.016724497947933865
TEST_LOSS: 0.006146567554592535
TRAIN_ACCURACY: 99.08484170234851
EVAL_ACCURACY: 98.97951943038795
TEST_ACCURACY: 99.44216702348514
TRAIN_PERPLEXITY: 1.0152385234832764
EVAL_PERPLEXITY: 1.0168651342391968
TEST_PERPLEXITY: 1.0061655044555664
BEST_MODEL_EPOCH: 72
