-------------------RESULTS----------------
BEST_TRAIN_LOSS: 1.0860738364941966
BEST_EVAL_LOSS: 0.9692937459474729
TEST_LOSS: 0.9806203069510283
TRAIN_ACCURACY: 75.66534735062281
EVAL_ACCURACY: 78.25211658232776
TEST_ACCURACY: 78.06144170883613
TRAIN_PERPLEXITY: 3.023310661315918
EVAL_PERPLEXITY: 2.636082172393799
TEST_PERPLEXITY: 2.666109561920166
BEST_MODEL_EPOCH: 98
