-------------------RESULTS----------------
BEST_TRAIN_LOSS: 0.009450522874602194
BEST_EVAL_LOSS: 0.01351611534949898
TEST_LOSS: 0.0048759832136034045
TRAIN_ACCURACY: 99.31491105893993
EVAL_ACCURACY: 99.19817211625795
TEST_ACCURACY: 99.56350557934346
TRAIN_PERPLEXITY: 1.0120645761489868
EVAL_PERPLEXITY: 1.0136078596115112
TEST_PERPLEXITY: 1.0048879384994507
BEST_MODEL_EPOCH: 103
