-------------------RESULTS----------------
BEST_TRAIN_LOSS: 3.564232977888601
BEST_EVAL_LOSS: 3.828076462528023
TEST_LOSS: 4.923499554519337
TRAIN_ACCURACY: 21.342803813392138
EVAL_ACCURACY: 26.330053887231376
TEST_ACCURACY: 20.453602661391447
TRAIN_PERPLEXITY: 92.80326080322266
EVAL_PERPLEXITY: 45.97401428222656
TEST_PERPLEXITY: 137.48291015625
BEST_MODEL_EPOCH: 1
