-------------------RESULTS----------------
BEST_TRAIN_LOSS: 2.121755412194581
BEST_EVAL_LOSS: 3.235999882221222
TEST_LOSS: 3.4735090732574463
TRAIN_ACCURACY: 66.6307918395574
EVAL_ACCURACY: 57.65277777777778
TEST_ACCURACY: 56.0546875
TRAIN_PERPLEXITY: 8.34577465057373
EVAL_PERPLEXITY: 27.977787017822266
TEST_PERPLEXITY: 32.24971008300781
BEST_MODEL_EPOCH: 996
