-------------------RESULTS----------------
BEST_TRAIN_LOSS: 1.0443335689059683
BEST_EVAL_LOSS: 0.9785976159719774
TEST_LOSS: 1.0109918227902166
TRAIN_ACCURACY: 73.7861962947645
EVAL_ACCURACY: 75.77303912028026
TEST_ACCURACY: 74.50278561697158
TRAIN_PERPLEXITY: 2.946167469024658
EVAL_PERPLEXITY: 2.660722255706787
TEST_PERPLEXITY: 2.7483255863189697
BEST_MODEL_EPOCH: 29
