-------------------RESULTS----------------
BEST_TRAIN_LOSS: 0.25754622848176245
BEST_EVAL_LOSS: 0.5286308228969574
TEST_LOSS: 0.29749075323343277
TRAIN_ACCURACY: 61.279819784778944
EVAL_ACCURACY: 50.5776220145379
TEST_ACCURACY: 69.00527864312912
TRAIN_PERPLEXITY: 1.5920647382736206
EVAL_PERPLEXITY: 1.6966078281402588
TEST_PERPLEXITY: 1.3464759588241577
BEST_MODEL_EPOCH: 18
