-------------------RESULTS----------------
BEST_TRAIN_LOSS: 0.038962470373833775
BEST_EVAL_LOSS: 0.02497131283553433
TEST_LOSS: 0.011241373126839455
TRAIN_ACCURACY: 96.76656626641726
EVAL_ACCURACY: 98.22981768017532
TEST_ACCURACY: 98.92813666868503
TRAIN_PERPLEXITY: 1.0478980541229248
EVAL_PERPLEXITY: 1.0252857208251953
TEST_PERPLEXITY: 1.0113048553466797
BEST_MODEL_EPOCH: 75
