-------------------RESULTS----------------
BEST_TRAIN_LOSS: 0.1575568539045554
BEST_EVAL_LOSS: 0.06109495727736273
TEST_LOSS: 0.028515996227477802
TRAIN_ACCURACY: 88.52092405848579
EVAL_ACCURACY: 94.77037920072661
TEST_ACCURACY: 96.90835036330608
TRAIN_PERPLEXITY: 1.1844000816345215
EVAL_PERPLEXITY: 1.0629998445510864
TEST_PERPLEXITY: 1.0289264917373657
BEST_MODEL_EPOCH: 115
