-------------------RESULTS----------------
BEST_TRAIN_LOSS: 0.16973484689326346
BEST_EVAL_LOSS: 0.06853230674693614
TEST_LOSS: 0.0306617199546761
TRAIN_ACCURACY: 87.99944449850786
EVAL_ACCURACY: 94.52009942260283
TEST_ACCURACY: 96.77028594135201
TRAIN_PERPLEXITY: 1.1904977560043335
EVAL_PERPLEXITY: 1.0709352493286133
TEST_PERPLEXITY: 1.0311366319656372
BEST_MODEL_EPOCH: 104
