-------------------RESULTS----------------
TRAIN_LOSSES: 0.38685420544987376
BEST_EVAL_LOSS: 1.2514121692355087
TEST_LOSS: 1.1410944759845734
TRAIN_ACCURACY: 82.83898148148148
EVAL_ACCURACY: 85.66815939771547
TEST_ACCURACY: 84.30523104880581
BEST_MODEL_EPOCH: 452
