-------------------RESULTS----------------
BEST_TRAIN_LOSS: 1.1615786972349946
BEST_EVAL_LOSS: 1.0741393279146265
TEST_LOSS: 1.126403005770695
TRAIN_ACCURACY: 72.0529023939276
EVAL_ACCURACY: 73.77657892175944
TEST_ACCURACY: 72.69973725184897
TRAIN_PERPLEXITY: 3.2684595584869385
EVAL_PERPLEXITY: 2.9274723529815674
TEST_PERPLEXITY: 3.0845413208007812
BEST_MODEL_EPOCH: 97
