-------------------RESULTS----------------
BEST_TRAIN_LOSS: 2.6918984266062873
BEST_EVAL_LOSS: 2.605903367201487
TEST_LOSS: 2.8437963326772056
TRAIN_ACCURACY: 20.50260112796577
EVAL_ACCURACY: 19.494742990654206
TEST_ACCURACY: 19.110202492211837
TRAIN_PERPLEXITY: 14.964472770690918
EVAL_PERPLEXITY: 13.543455123901367
TEST_PERPLEXITY: 17.180864334106445
BEST_MODEL_EPOCH: 137
