-------------------RESULTS----------------
BEST_TRAIN_LOSS: 0.003732105634458766
BEST_EVAL_LOSS: 0.00491524016718886
TEST_LOSS: 0.002133794562218504
TRAIN_ACCURACY: 99.75894479045024
EVAL_ACCURACY: 99.70390148566239
TEST_ACCURACY: 99.81763737511353
TRAIN_PERPLEXITY: 1.0041378736495972
EVAL_PERPLEXITY: 1.004927396774292
TEST_PERPLEXITY: 1.0021361112594604
BEST_MODEL_EPOCH: 101
