-------------------RESULTS----------------
BEST_TRAIN_LOSS: 8.77104425504456
BEST_EVAL_LOSS: 8.782256656222874
TEST_LOSS: 8.79263581169976
TRAIN_ACCURACY: 8.789480646652393
EVAL_ACCURACY: 8.848287271311795
TEST_ACCURACY: 8.709310529388867
TRAIN_PERPLEXITY: 6452.140625
EVAL_PERPLEXITY: 6517.5712890625
TEST_PERPLEXITY: 6585.568359375
BEST_MODEL_EPOCH: 66
