-------------------RESULTS----------------
BEST_TRAIN_LOSS: 0.253090675786995
BEST_EVAL_LOSS: 0.12194225192070007
TEST_LOSS: 0.05565408396500128
TRAIN_ACCURACY: 81.08612452559362
EVAL_ACCURACY: 90.37563254184508
TEST_ACCURACY: 94.10600752562605
TRAIN_PERPLEXITY: 1.3035982847213745
EVAL_PERPLEXITY: 1.1296888589859009
TEST_PERPLEXITY: 1.0572319030761719
BEST_MODEL_EPOCH: 99
