-------------------RESULTS----------------
TRAIN_LOSSES: 0.27401397942651246
BEST_EVAL_LOSS: 0.4344877567959995
TEST_LOSS: 0.3949077395456178
TRAIN_ACCURACY: 96.01550925925926
EVAL_ACCURACY: 96.62107346832813
TEST_ACCURACY: 97.2027518172378
BEST_MODEL_EPOCH: 457
