-------------------RESULTS----------------
BEST_TRAIN_LOSS: 2.798570387399019
BEST_EVAL_LOSS: 2.739808122316996
TEST_LOSS: 3.066499710083008
TRAIN_ACCURACY: 13.754011085180863
EVAL_ACCURACY: 13.77531152647975
TEST_ACCURACY: 16.165303738317757
TRAIN_PERPLEXITY: 16.993179321289062
EVAL_PERPLEXITY: 15.484013557434082
TEST_PERPLEXITY: 21.466630935668945
BEST_MODEL_EPOCH: 9
