-------------------RESULTS----------------
BEST_TRAIN_LOSS: 0.188570645071485
BEST_EVAL_LOSS: 0.08386646169755194
TEST_LOSS: 0.03585761316396572
TRAIN_ACCURACY: 87.14835133644739
EVAL_ACCURACY: 93.49941611521993
TEST_ACCURACY: 96.20718178279486
TRAIN_PERPLEXITY: 1.210675835609436
EVAL_PERPLEXITY: 1.0874836444854736
TEST_PERPLEXITY: 1.0365082025527954
BEST_MODEL_EPOCH: 152
