-------------------RESULTS----------------
BEST_TRAIN_LOSS: 0.6954447877814944
BEST_EVAL_LOSS: 0.3984432461453073
TEST_LOSS: 0.3942563644161931
TRAIN_ACCURACY: 85.01719723141301
EVAL_ACCURACY: 91.60148647333592
TEST_ACCURACY: 91.54036103542235
TRAIN_PERPLEXITY: 2.0303831100463867
EVAL_PERPLEXITY: 1.489504098892212
TEST_PERPLEXITY: 1.4832807779312134
BEST_MODEL_EPOCH: 211
