-------------------RESULTS----------------
BEST_TRAIN_LOSS: 4.379771450858804
BEST_EVAL_LOSS: 5.824180364608765
TEST_LOSS: 7.043519417444865
TRAIN_ACCURACY: 37.50316024893038
EVAL_ACCURACY: 24.445093457943926
TEST_ACCURACY: 25.306658878504674
TRAIN_PERPLEXITY: 79.81977081298828
EVAL_PERPLEXITY: 803.1602783203125
TEST_PERPLEXITY: 1145.4117431640625
BEST_MODEL_EPOCH: 994
