-------------------RESULTS----------------
BEST_TRAIN_LOSS: 0.22316113187780767
BEST_EVAL_LOSS: 0.09495065011918792
TEST_LOSS: 0.09615060356271712
TRAIN_ACCURACY: 93.59776901291218
EVAL_ACCURACY: 97.50977618151944
TEST_ACCURACY: 97.47417115276517
TRAIN_PERPLEXITY: 1.2519919872283936
EVAL_PERPLEXITY: 1.099604606628418
TEST_PERPLEXITY: 1.1009248495101929
BEST_MODEL_EPOCH: 521
