-------------------RESULTS----------------
BEST_TRAIN_LOSS: 0.3742440477409194
BEST_EVAL_LOSS: 0.8779876679182053
TEST_LOSS: 0.8248614370822906
TRAIN_ACCURACY: 99.9985592438912
EVAL_ACCURACY: 91.18518518518519
TEST_ACCURACY: 92.99045138888889
TRAIN_PERPLEXITY: 1.4538918733596802
EVAL_PERPLEXITY: 2.6311395168304443
TEST_PERPLEXITY: 2.281564474105835
BEST_MODEL_EPOCH: 484
