-------------------RESULTS----------------
BEST_TRAIN_LOSS: 0.3768989917187564
BEST_EVAL_LOSS: 0.5846744775772095
TEST_LOSS: 0.6547912955284119
TRAIN_ACCURACY: 99.99923159674196
EVAL_ACCURACY: 96.14109347442681
TEST_ACCURACY: 95.61838624338624
TRAIN_PERPLEXITY: 1.4577571153640747
EVAL_PERPLEXITY: 1.797489881515503
TEST_PERPLEXITY: 1.9247407913208008
BEST_MODEL_EPOCH: 494
