-------------------RESULTS----------------
BEST_TRAIN_LOSS: 0.04895436126611327
BEST_EVAL_LOSS: 0.021091805075375752
TEST_LOSS: 0.012417023972734625
TRAIN_ACCURACY: 95.81888826715972
EVAL_ACCURACY: 98.5138307707279
TEST_ACCURACY: 98.9575223822499
TRAIN_PERPLEXITY: 1.0691118240356445
EVAL_PERPLEXITY: 1.0213158130645752
TEST_PERPLEXITY: 1.012494444847107
BEST_MODEL_EPOCH: 111
