-------------------RESULTS----------------
BEST_TRAIN_LOSS: 0.03982784914093246
BEST_EVAL_LOSS: 0.01435647123740457
TEST_LOSS: 0.008719028479615112
TRAIN_ACCURACY: 97.56560087420527
EVAL_ACCURACY: 99.07014321396133
TEST_ACCURACY: 99.27389467367328
TRAIN_PERPLEXITY: 1.0435855388641357
EVAL_PERPLEXITY: 1.0144599676132202
TEST_PERPLEXITY: 1.0087571144104004
BEST_MODEL_EPOCH: 153
