-------------------RESULTS----------------
BEST_TRAIN_LOSS: 0.22645474407201976
BEST_EVAL_LOSS: 0.10571190390597891
TEST_LOSS: 0.04386663710537516
TRAIN_ACCURACY: 84.1731745491112
EVAL_ACCURACY: 92.13600460620215
TEST_ACCURACY: 95.47580527442585
TRAIN_PERPLEXITY: 1.262702465057373
EVAL_PERPLEXITY: 1.1115015745162964
TEST_PERPLEXITY: 1.0448429584503174
BEST_MODEL_EPOCH: 132
