-------------------RESULTS----------------
BEST_TRAIN_LOSS: 0.2755671789248784
BEST_EVAL_LOSS: 2.0002060929934182
TEST_LOSS: 2.2773823340733848
TRAIN_ACCURACY: 86.66682873071437
EVAL_ACCURACY: 55.15749394254067
TEST_ACCURACY: 56.704309449636554
TRAIN_PERPLEXITY: 1.4628640413284302
EVAL_PERPLEXITY: 7.390578269958496
TEST_PERPLEXITY: 9.75112247467041
BEST_MODEL_EPOCH: 88
