-------------------RESULTS----------------
BEST_TRAIN_LOSS: 1.099569405589838
BEST_EVAL_LOSS: 1.0138792807673231
TEST_LOSS: 1.0560724080344777
TRAIN_ACCURACY: 72.48564616582328
EVAL_ACCURACY: 74.46233943168548
TEST_ACCURACY: 73.4624367458155
TRAIN_PERPLEXITY: 3.097412347793579
EVAL_PERPLEXITY: 2.756272792816162
TEST_PERPLEXITY: 2.875056505203247
BEST_MODEL_EPOCH: 88
