-------------------RESULTS----------------
TRAIN_LOSSES: 1.4534985524542787
BEST_EVAL_LOSS: 2.1520196635548663
TEST_LOSS: 2.064268259775071
TRAIN_ACCURACY: 28.505324074074075
EVAL_ACCURACY: 28.91274013499481
TEST_ACCURACY: 28.27427310488058
BEST_MODEL_EPOCH: 490
