-------------------RESULTS----------------
BEST_TRAIN_LOSS: 3.018854366994537
BEST_EVAL_LOSS: 5.108173727989197
TEST_LOSS: 5.6239330768585205
TRAIN_ACCURACY: 53.662798236514526
EVAL_ACCURACY: 40.0
TEST_ACCURACY: 39.827473958333336
TRAIN_PERPLEXITY: 20.467830657958984
EVAL_PERPLEXITY: 217.64877319335938
TEST_PERPLEXITY: 276.9765625
BEST_MODEL_EPOCH: 997
