-------------------RESULTS----------------
BEST_TRAIN_LOSS: 1.5932575647533405
BEST_EVAL_LOSS: 1.5912751857145333
TEST_LOSS: 1.5969245433807373
TRAIN_ACCURACY: 60.59456780815255
EVAL_ACCURACY: 60.63892537458649
TEST_ACCURACY: 60.445551177271845
TRAIN_PERPLEXITY: 4.919850826263428
EVAL_PERPLEXITY: 4.910006046295166
TEST_PERPLEXITY: 4.9378228187561035
BEST_MODEL_EPOCH: 8
