-------------------RESULTS----------------
BEST_TRAIN_LOSS: 0.07202243068213783
BEST_EVAL_LOSS: 0.3351628581682841
TEST_LOSS: 0.2698532671978076
TRAIN_ACCURACY: 92.91443828601064
EVAL_ACCURACY: 62.72877725856698
TEST_ACCURACY: 74.65926791277259
TRAIN_PERPLEXITY: 1.1071909666061401
EVAL_PERPLEXITY: 1.3981680870056152
TEST_PERPLEXITY: 1.309772253036499
BEST_MODEL_EPOCH: 49
