-------------------RESULTS----------------
BEST_TRAIN_LOSS: 0.18832016896172593
BEST_EVAL_LOSS: 0.08368818236537921
TEST_LOSS: 0.03501987358394228
TRAIN_ACCURACY: 86.63968226936551
EVAL_ACCURACY: 93.4859340534579
TEST_ACCURACY: 96.3423065070715
TRAIN_PERPLEXITY: 1.2228453159332275
EVAL_PERPLEXITY: 1.087289810180664
TEST_PERPLEXITY: 1.0356402397155762
BEST_MODEL_EPOCH: 132
