-------------------RESULTS----------------
BEST_TRAIN_LOSS: 0.7152950211578413
BEST_EVAL_LOSS: 0.49176630093348966
TEST_LOSS: 0.49237292881328537
TRAIN_ACCURACY: 80.03899101323753
EVAL_ACCURACY: 86.72824488560184
TEST_ACCURACY: 86.65459622829214
TRAIN_PERPLEXITY: 2.0577893257141113
EVAL_PERPLEXITY: 1.6352019309997559
TEST_PERPLEXITY: 1.6361942291259766
BEST_MODEL_EPOCH: 203
