-------------------RESULTS----------------
BEST_TRAIN_LOSS: 0.26231307221191297
BEST_EVAL_LOSS: 0.12412309016526481
TEST_LOSS: 0.051176416239252794
TRAIN_ACCURACY: 79.96047373734916
EVAL_ACCURACY: 89.8265172894771
TEST_ACCURACY: 94.53905540417801
TRAIN_PERPLEXITY: 1.3121907711029053
EVAL_PERPLEXITY: 1.132155179977417
TEST_PERPLEXITY: 1.0525085926055908
BEST_MODEL_EPOCH: 79
