-------------------RESULTS----------------
BEST_TRAIN_LOSS: 0.044619276170933135
BEST_EVAL_LOSS: 0.019575123502700416
TEST_LOSS: 0.011020206047199022
TRAIN_ACCURACY: 96.27098082506163
EVAL_ACCURACY: 98.7257931101596
TEST_ACCURACY: 99.05088312572985
TRAIN_PERPLEXITY: 1.0618185997009277
EVAL_PERPLEXITY: 1.0197679996490479
TEST_PERPLEXITY: 1.0110810995101929
BEST_MODEL_EPOCH: 127
